{
 "cells": [
  {
   "cell_type": "code",
   "execution_count": 352,
   "metadata": {},
   "outputs": [],
   "source": [
    "from src.dataset._dataset_utils import create_datasets\n",
    "\n",
    "\n",
    "ds_names = ['atnf', 'biaf', 'bivi', 'cycc', 'vtak']\n",
    "\n",
    "SEQ_LEN = 30\n",
    "LOG_SPLITS = False\n",
    "FIXED_SCALING = [(7, 3000.), (8, 12.), (9, 31.)]\n",
    "ROOT = './data/clean'\n",
    "\n",
    "datasets = { x: create_datasets(x, ROOT, FIXED_SCALING, LOG_SPLITS) for x in ds_names }"
   ]
  },
  {
   "cell_type": "code",
   "execution_count": 353,
   "metadata": {},
   "outputs": [
    {
     "name": "stdout",
     "output_type": "stream",
     "text": [
      "cuda\n"
     ]
    }
   ],
   "source": [
    "import torch\n",
    "\n",
    "device = torch.device('cuda' if torch.cuda.is_available() else 'cpu')\n",
    "print(device)"
   ]
  },
  {
   "cell_type": "code",
   "execution_count": 361,
   "metadata": {},
   "outputs": [
    {
     "name": "stdout",
     "output_type": "stream",
     "text": [
      "torch.Size([10, 22])\n"
     ]
    }
   ],
   "source": [
    "LR = 2e-2\n",
    "BETAS = (0.9, 0.999)\n",
    "EPS = 1e-7\n",
    "WEIGHT_DECAY=1e-5\n",
    "\n",
    "GAMMA = 0.1\n",
    "STEP_SIZE = 0.1\n",
    "MILESTONES = [5, 10, 15]\n",
    "MIN_LR = 1e-10\n",
    "CRITERION_GAMMA=2.0\n",
    "\n",
    "OPTIMIZER = 'adam' # 'adam' or 'sgd'\n",
    "SCHEDULER = 'step' # 'plateau', 'step', or 'multi'\n",
    "CRITERION = 'ce'   # 'ce' or 'cb_focal'\n",
    "\n",
    "BATCH_SIZE = 16\n",
    "HIDDEN_SIZE = 32\n",
    "\n",
    "EPOCHS = 200\n",
    "\n",
    "data='atnf'\n",
    "\n",
    "print(datasets[data][0][0][0].shape)\n",
    "\n",
    "input_size = datasets[data][0][0][0].shape[1]\n",
    "train_label_ct = datasets[data][0].target_counts\n"
   ]
  },
  {
   "cell_type": "code",
   "execution_count": 362,
   "metadata": {},
   "outputs": [],
   "source": [
    "from typing import Optional\n",
    "from src.cbfocal_loss import FocalLoss\n",
    "from src.models.abstract_model import AbstractModel\n",
    "\n",
    "\n",
    "def get_optimizer(type: str, model: AbstractModel, lr, **kwargs):\n",
    "  match type:\n",
    "    case 'adam':\n",
    "      return torch.optim.Adam(\n",
    "        model.parameters(),\n",
    "        lr=lr,\n",
    "        **kwargs,\n",
    "      )\n",
    "    case 'sgd':\n",
    "      return torch.optim.SGD(\n",
    "        model.parameters(),\n",
    "        lr=lr,\n",
    "        **kwargs,\n",
    "      )\n",
    "    case _:\n",
    "      raise ValueError(f'Unknown optimizer: {type}')\n",
    "  \n",
    "\n",
    "def get_scheduler(type: str, optimizer: torch.optim.Optimizer, **kwargs):\n",
    "  match type:\n",
    "    case 'plateau':\n",
    "      return torch.optim.lr_scheduler.ReduceLROnPlateau(optimizer, **kwargs)\n",
    "    case 'step':\n",
    "      return torch.optim.lr_scheduler.StepLR(optimizer, **kwargs)\n",
    "    case 'multi':\n",
    "      return torch.optim.lr_scheduler.MultiStepLR(optimizer, **kwargs)\n",
    "    case _:\n",
    "      raise ValueError(f'Unknown scheduler: {type}')\n",
    "    \n",
    "\n",
    "def get_criterion(type: str, train_label_ct: Optional[torch.Tensor] = None, device='cpu', **kwargs):\n",
    "  match type:\n",
    "    case 'ce':\n",
    "      weight = None\n",
    "      if train_label_ct is not None:\n",
    "        weight = train_label_ct.max() / train_label_ct\n",
    "        weight = weight / weight.sum()\n",
    "        weight = weight.to(device)\n",
    "\n",
    "      return torch.nn.CrossEntropyLoss(\n",
    "        weight=weight,\n",
    "      )\n",
    "    case 'cb_focal':\n",
    "      return FocalLoss(\n",
    "        class_counts=train_label_ct.to(device),\n",
    "        **kwargs,\n",
    "      )\n"
   ]
  },
  {
   "cell_type": "code",
   "execution_count": 368,
   "metadata": {},
   "outputs": [
    {
     "name": "stdout",
     "output_type": "stream",
     "text": [
      "The autoreload extension is already loaded. To reload it, use:\n",
      "  %reload_ext autoreload\n"
     ]
    }
   ],
   "source": [
    "%load_ext autoreload\n",
    "%autoreload 2\n",
    "\n",
    "from src.models.lnn import LNN\n",
    "from torch.utils.data import DataLoader\n",
    "\n",
    "\n",
    "model = LNN(BATCH_SIZE, input_size, HIDDEN_SIZE, 3, n_layers=4, eps=EPS, activation='sigmoid', device=device).to(device)\n",
    "optimizer = get_optimizer(OPTIMIZER, model, LR, betas=BETAS, eps=EPS)\n",
    "scheduler = get_scheduler(SCHEDULER, optimizer, step_size=STEP_SIZE, gamma=GAMMA)\n",
    "criterion = get_criterion(CRITERION, train_label_ct, device)\n",
    "\n",
    "ds_train, ds_valid, ds_test = datasets[data]\n",
    "\n",
    "train_loader, valid_loader, test_loader = DataLoader(ds_train, batch_size=BATCH_SIZE, shuffle=True), DataLoader(ds_valid, batch_size=BATCH_SIZE, shuffle=False), DataLoader(ds_test, batch_size=BATCH_SIZE, shuffle=False)"
   ]
  },
  {
   "cell_type": "code",
   "execution_count": 369,
   "metadata": {},
   "outputs": [],
   "source": [
    "from tqdm import tqdm\n",
    "from torch.utils.tensorboard import SummaryWriter\n",
    "import numpy as np\n",
    "\n",
    "\n",
    "def train(\n",
    "    model: AbstractModel,\n",
    "    dataloader: DataLoader,\n",
    "    optimizer: torch.optim.Optimizer,\n",
    "    criterion: torch.nn.CrossEntropyLoss | FocalLoss,\n",
    "    device: torch.device,\n",
    "    epoch: int,\n",
    "    writer: SummaryWriter = None,\n",
    "  ):\n",
    "  model.train()\n",
    "\n",
    "  losses = np.zeros(len(dataloader))\n",
    "\n",
    "  for idx, data in enumerate(dataloader):\n",
    "    x = data[0].to(device)\n",
    "    y = data[1].to(device)\n",
    "\n",
    "    optimizer.zero_grad()\n",
    "    logits: torch.Tensor = model(x)\n",
    "\n",
    "    if len(logits.shape) == 1:\n",
    "      logits = logits.unsqueeze(0)\n",
    "\n",
    "    loss = criterion(logits, y)\n",
    "\n",
    "    loss.backward()\n",
    "    torch.nn.utils.clip_grad_norm_(model.parameters(), 1.0)\n",
    "    optimizer.step()\n",
    "\n",
    "    if writer is not None:\n",
    "      for l, (name, param) in enumerate(model.named_parameters()):\n",
    "        if param.grad is not None:\n",
    "          writer.add_scalar(f'Gradients/{l:02}_{name}', param.grad.norm().item(), epoch * len(dataloader) + idx)\n",
    "\n",
    "    losses[idx] = loss.item()\n",
    "\n",
    "  return losses.sum(), losses.mean()\n",
    "\n"
   ]
  },
  {
   "cell_type": "code",
   "execution_count": 370,
   "metadata": {},
   "outputs": [],
   "source": [
    "from sklearn.metrics import f1_score\n",
    "\n",
    "\n",
    "def evaluate(\n",
    "    model: AbstractModel,\n",
    "    dataloader: DataLoader,\n",
    "    criterion: torch.optim.Optimizer,\n",
    "    device: torch.device = 'cpu',\n",
    "):\n",
    "  losses = np.zeros(len(dataloader))\n",
    "  accuracies = np.zeros(len(dataloader))\n",
    "\n",
    "  all_preds = []\n",
    "  all_labels = []\n",
    "  with torch.no_grad():\n",
    "    for idx, data in enumerate(dataloader):\n",
    "      x = data[0].to(device)\n",
    "      y = data[1].to(device)\n",
    "\n",
    "      logits = model(x)\n",
    "\n",
    "      preds = torch.argmax(logits, dim=1)\n",
    "      all_preds.append(preds)\n",
    "      all_labels.append(y)\n",
    "\n",
    "      losses[idx] = criterion(logits, y).item()\n",
    "      accuracies[idx] = torch.sum(torch.argmax(logits, dim=1) == y).item() / y.shape[0]\n",
    "\n",
    "  all_preds = torch.cat(all_preds).cpu()\n",
    "  all_labels = torch.cat(all_labels).cpu()\n",
    "\n",
    "  classes, counts = torch.unique(all_preds, return_counts=True)\n",
    "  pred_dist = torch.zeros(3)\n",
    "  pred_dist[classes] = counts / counts.sum()\n",
    "\n",
    "  f1_weighted = f1_score(all_labels, all_preds, average='weighted')\n",
    "\n",
    "  return losses.sum(), losses.mean(), accuracies.mean(), f1_weighted, pred_dist"
   ]
  },
  {
   "cell_type": "code",
   "execution_count": 371,
   "metadata": {},
   "outputs": [
    {
     "name": "stdout",
     "output_type": "stream",
     "text": [
      "E: 1 | Train: 1.1118 | Valid 1.1090 | V_Pred Dist: C0 0.000 - C1 1.000 - C2 0.000\n",
      "E: 2 | Train: 1.1066 | Valid 1.0882 | V_Pred Dist: C0 1.000 - C1 0.000 - C2 0.000\n",
      "E: 3 | Train: 1.0988 | Valid 1.0898 | V_Pred Dist: C0 1.000 - C1 0.000 - C2 0.000\n",
      "E: 4 | Train: 1.0975 | Valid 1.0897 | V_Pred Dist: C0 1.000 - C1 0.000 - C2 0.000\n",
      "E: 5 | Train: 1.1091 | Valid 1.0909 | V_Pred Dist: C0 1.000 - C1 0.000 - C2 0.000\n",
      "E: 6 | Train: 1.1074 | Valid 1.0908 | V_Pred Dist: C0 0.000 - C1 0.000 - C2 1.000\n",
      "E: 7 | Train: 1.1010 | Valid 1.0888 | V_Pred Dist: C0 0.000 - C1 0.000 - C2 1.000\n",
      "E: 8 | Train: 1.0970 | Valid 1.0856 | V_Pred Dist: C0 0.008 - C1 0.000 - C2 0.992\n",
      "E: 9 | Train: 1.0963 | Valid 1.0950 | V_Pred Dist: C0 1.000 - C1 0.000 - C2 0.000\n",
      "E: 10 | Train: 1.1035 | Valid 1.0861 | V_Pred Dist: C0 0.008 - C1 0.000 - C2 0.992\n",
      "E: 11 | Train: 1.0982 | Valid 1.0836 | V_Pred Dist: C0 0.131 - C1 0.000 - C2 0.869\n",
      "E: 12 | Train: 1.1041 | Valid 1.0965 | V_Pred Dist: C0 1.000 - C1 0.000 - C2 0.000\n",
      "E: 13 | Train: 1.0994 | Valid 1.0863 | V_Pred Dist: C0 0.000 - C1 0.000 - C2 1.000\n",
      "E: 14 | Train: 1.0992 | Valid 1.0839 | V_Pred Dist: C0 1.000 - C1 0.000 - C2 0.000\n",
      "E: 15 | Train: 1.1005 | Valid 1.0881 | V_Pred Dist: C0 0.369 - C1 0.393 - C2 0.238\n",
      "E: 16 | Train: 1.1003 | Valid 1.0799 | V_Pred Dist: C0 0.000 - C1 0.328 - C2 0.672\n",
      "E: 17 | Train: 1.0923 | Valid 1.0687 | V_Pred Dist: C0 0.467 - C1 0.000 - C2 0.533\n",
      "E: 18 | Train: 1.0911 | Valid 1.0764 | V_Pred Dist: C0 0.123 - C1 0.418 - C2 0.459\n",
      "E: 19 | Train: 1.0968 | Valid 1.0734 | V_Pred Dist: C0 0.402 - C1 0.402 - C2 0.197\n",
      "E: 20 | Train: 1.0919 | Valid 1.0700 | V_Pred Dist: C0 0.377 - C1 0.295 - C2 0.328\n",
      "E: 21 | Train: 1.1191 | Valid 1.0703 | V_Pred Dist: C0 0.230 - C1 0.000 - C2 0.770\n",
      "E: 22 | Train: 1.1009 | Valid 1.0764 | V_Pred Dist: C0 0.525 - C1 0.090 - C2 0.385\n",
      "E: 23 | Train: 1.0911 | Valid 1.0752 | V_Pred Dist: C0 0.574 - C1 0.402 - C2 0.025\n",
      "E: 24 | Train: 1.0828 | Valid 1.0667 | V_Pred Dist: C0 0.385 - C1 0.000 - C2 0.615\n",
      "E: 25 | Train: 1.0868 | Valid 1.0652 | V_Pred Dist: C0 0.352 - C1 0.025 - C2 0.623\n",
      "E: 26 | Train: 1.0846 | Valid 1.0667 | V_Pred Dist: C0 0.311 - C1 0.410 - C2 0.279\n",
      "E: 27 | Train: 1.0855 | Valid 1.0801 | V_Pred Dist: C0 0.410 - C1 0.484 - C2 0.107\n",
      "E: 28 | Train: 1.0840 | Valid 1.0683 | V_Pred Dist: C0 0.689 - C1 0.000 - C2 0.311\n",
      "E: 29 | Train: 1.0797 | Valid 1.0605 | V_Pred Dist: C0 0.279 - C1 0.000 - C2 0.721\n",
      "E: 30 | Train: 1.0814 | Valid 1.0666 | V_Pred Dist: C0 0.377 - C1 0.410 - C2 0.213\n",
      "E: 31 | Train: 1.0823 | Valid 1.0584 | V_Pred Dist: C0 0.295 - C1 0.082 - C2 0.623\n",
      "E: 32 | Train: 1.0905 | Valid 1.0874 | V_Pred Dist: C0 0.516 - C1 0.484 - C2 0.000\n",
      "E: 33 | Train: 1.1114 | Valid 1.0595 | V_Pred Dist: C0 0.262 - C1 0.287 - C2 0.451\n",
      "E: 34 | Train: 1.0963 | Valid 1.0727 | V_Pred Dist: C0 0.459 - C1 0.000 - C2 0.541\n",
      "E: 35 | Train: 1.0777 | Valid 1.0579 | V_Pred Dist: C0 0.410 - C1 0.279 - C2 0.311\n",
      "E: 36 | Train: 1.0905 | Valid 1.0644 | V_Pred Dist: C0 0.500 - C1 0.361 - C2 0.139\n",
      "E: 37 | Train: 1.0772 | Valid 1.0742 | V_Pred Dist: C0 0.443 - C1 0.434 - C2 0.123\n",
      "E: 38 | Train: 1.0759 | Valid 1.0686 | V_Pred Dist: C0 0.582 - C1 0.402 - C2 0.016\n",
      "E: 39 | Train: 1.0871 | Valid 1.0685 | V_Pred Dist: C0 0.295 - C1 0.434 - C2 0.270\n",
      "E: 40 | Train: 1.0834 | Valid 1.0575 | V_Pred Dist: C0 0.287 - C1 0.025 - C2 0.689\n",
      "E: 41 | Train: 1.0821 | Valid 1.0642 | V_Pred Dist: C0 0.418 - C1 0.402 - C2 0.180\n",
      "E: 42 | Train: 1.0871 | Valid 1.0701 | V_Pred Dist: C0 0.434 - C1 0.402 - C2 0.164\n",
      "E: 43 | Train: 1.0921 | Valid 1.0631 | V_Pred Dist: C0 0.320 - C1 0.016 - C2 0.664\n",
      "E: 44 | Train: 1.0837 | Valid 1.0693 | V_Pred Dist: C0 0.951 - C1 0.025 - C2 0.025\n",
      "E: 45 | Train: 1.0734 | Valid 1.0656 | V_Pred Dist: C0 0.369 - C1 0.426 - C2 0.205\n",
      "E: 46 | Train: 1.0771 | Valid 1.0559 | V_Pred Dist: C0 0.361 - C1 0.066 - C2 0.574\n",
      "E: 47 | Train: 1.0782 | Valid 1.0608 | V_Pred Dist: C0 0.500 - C1 0.131 - C2 0.369\n",
      "E: 48 | Train: 1.0711 | Valid 1.0631 | V_Pred Dist: C0 0.295 - C1 0.459 - C2 0.246\n",
      "E: 49 | Train: 1.0751 | Valid 1.0601 | V_Pred Dist: C0 0.328 - C1 0.393 - C2 0.279\n",
      "E: 50 | Train: 1.0774 | Valid 1.0525 | V_Pred Dist: C0 0.344 - C1 0.262 - C2 0.393\n",
      "E: 51 | Train: 1.0735 | Valid 1.0636 | V_Pred Dist: C0 0.590 - C1 0.295 - C2 0.115\n",
      "E: 52 | Train: 1.0741 | Valid 1.0619 | V_Pred Dist: C0 0.639 - C1 0.107 - C2 0.254\n",
      "E: 53 | Train: 1.0832 | Valid 1.0516 | V_Pred Dist: C0 0.180 - C1 0.090 - C2 0.730\n",
      "E: 54 | Train: 1.0699 | Valid 1.0604 | V_Pred Dist: C0 0.279 - C1 0.041 - C2 0.680\n",
      "E: 55 | Train: 1.0668 | Valid 1.0791 | V_Pred Dist: C0 0.361 - C1 0.467 - C2 0.172\n",
      "E: 56 | Train: 1.0798 | Valid 1.0582 | V_Pred Dist: C0 0.689 - C1 0.221 - C2 0.090\n",
      "E: 57 | Train: 1.0779 | Valid 1.0548 | V_Pred Dist: C0 0.221 - C1 0.057 - C2 0.721\n",
      "E: 58 | Train: 1.0768 | Valid 1.0540 | V_Pred Dist: C0 0.410 - C1 0.090 - C2 0.500\n",
      "E: 59 | Train: 1.0698 | Valid 1.0603 | V_Pred Dist: C0 0.607 - C1 0.172 - C2 0.221\n",
      "E: 60 | Train: 1.0655 | Valid 1.1148 | V_Pred Dist: C0 0.992 - C1 0.000 - C2 0.008\n",
      "E: 61 | Train: 1.0889 | Valid 1.0573 | V_Pred Dist: C0 0.148 - C1 0.418 - C2 0.434\n",
      "E: 62 | Train: 1.0768 | Valid 1.0614 | V_Pred Dist: C0 0.680 - C1 0.082 - C2 0.238\n",
      "E: 63 | Train: 1.0745 | Valid 1.0481 | V_Pred Dist: C0 0.369 - C1 0.270 - C2 0.361\n",
      "E: 64 | Train: 1.0741 | Valid 1.0599 | V_Pred Dist: C0 0.377 - C1 0.418 - C2 0.205\n",
      "E: 65 | Train: 1.0720 | Valid 1.0895 | V_Pred Dist: C0 0.410 - C1 0.025 - C2 0.566\n",
      "E: 66 | Train: 1.0908 | Valid 1.0587 | V_Pred Dist: C0 0.385 - C1 0.303 - C2 0.311\n",
      "E: 67 | Train: 1.0598 | Valid 1.0976 | V_Pred Dist: C0 0.918 - C1 0.025 - C2 0.057\n",
      "E: 68 | Train: 1.0821 | Valid 1.0478 | V_Pred Dist: C0 0.377 - C1 0.180 - C2 0.443\n",
      "E: 69 | Train: 1.0672 | Valid 1.0604 | V_Pred Dist: C0 0.713 - C1 0.123 - C2 0.164\n",
      "E: 70 | Train: 1.0674 | Valid 1.0605 | V_Pred Dist: C0 0.402 - C1 0.082 - C2 0.516\n",
      "E: 71 | Train: 1.0651 | Valid 1.0822 | V_Pred Dist: C0 0.402 - C1 0.443 - C2 0.156\n",
      "E: 72 | Train: 1.0800 | Valid 1.0629 | V_Pred Dist: C0 0.754 - C1 0.090 - C2 0.156\n",
      "E: 73 | Train: 1.0705 | Valid 1.0563 | V_Pred Dist: C0 0.451 - C1 0.148 - C2 0.402\n",
      "E: 74 | Train: 1.0770 | Valid 1.0558 | V_Pred Dist: C0 0.328 - C1 0.115 - C2 0.557\n",
      "E: 75 | Train: 1.0745 | Valid 1.0555 | V_Pred Dist: C0 0.393 - C1 0.262 - C2 0.344\n",
      "E: 76 | Train: 1.0610 | Valid 1.0660 | V_Pred Dist: C0 0.803 - C1 0.131 - C2 0.066\n",
      "E: 77 | Train: 1.0727 | Valid 1.0527 | V_Pred Dist: C0 0.410 - C1 0.254 - C2 0.336\n",
      "E: 78 | Train: 1.0710 | Valid 1.1183 | V_Pred Dist: C0 0.582 - C1 0.418 - C2 0.000\n",
      "E: 79 | Train: 1.0792 | Valid 1.0677 | V_Pred Dist: C0 0.475 - C1 0.459 - C2 0.066\n",
      "E: 80 | Train: 1.0775 | Valid 1.0466 | V_Pred Dist: C0 0.410 - C1 0.295 - C2 0.295\n",
      "E: 81 | Train: 1.0631 | Valid 1.0724 | V_Pred Dist: C0 0.762 - C1 0.049 - C2 0.189\n",
      "E: 82 | Train: 1.0701 | Valid 1.0539 | V_Pred Dist: C0 0.287 - C1 0.320 - C2 0.393\n",
      "E: 83 | Train: 1.0700 | Valid 1.0736 | V_Pred Dist: C0 0.418 - C1 0.033 - C2 0.549\n",
      "E: 84 | Train: 1.0914 | Valid 1.0483 | V_Pred Dist: C0 0.107 - C1 0.082 - C2 0.811\n",
      "E: 85 | Train: 1.0731 | Valid 1.0560 | V_Pred Dist: C0 0.475 - C1 0.090 - C2 0.434\n",
      "E: 86 | Train: 1.0730 | Valid 1.0506 | V_Pred Dist: C0 0.361 - C1 0.377 - C2 0.262\n",
      "E: 87 | Train: 1.0667 | Valid 1.0483 | V_Pred Dist: C0 0.410 - C1 0.246 - C2 0.344\n",
      "E: 88 | Train: 1.0714 | Valid 1.0784 | V_Pred Dist: C0 0.434 - C1 0.484 - C2 0.082\n",
      "E: 89 | Train: 1.0746 | Valid 1.0713 | V_Pred Dist: C0 0.369 - C1 0.451 - C2 0.180\n",
      "E: 90 | Train: 1.0623 | Valid 1.0583 | V_Pred Dist: C0 0.500 - C1 0.107 - C2 0.393\n",
      "E: 91 | Train: 1.0739 | Valid 1.0660 | V_Pred Dist: C0 0.361 - C1 0.426 - C2 0.213\n",
      "E: 92 | Train: 1.0640 | Valid 1.0531 | V_Pred Dist: C0 0.410 - C1 0.197 - C2 0.393\n",
      "E: 93 | Train: 1.0654 | Valid 1.0495 | V_Pred Dist: C0 0.418 - C1 0.230 - C2 0.352\n",
      "E: 94 | Train: 1.0613 | Valid 1.0577 | V_Pred Dist: C0 0.287 - C1 0.336 - C2 0.377\n",
      "E: 95 | Train: 1.0654 | Valid 1.0598 | V_Pred Dist: C0 0.426 - C1 0.336 - C2 0.238\n",
      "E: 96 | Train: 1.0642 | Valid 1.0597 | V_Pred Dist: C0 0.352 - C1 0.336 - C2 0.311\n",
      "E: 97 | Train: 1.0674 | Valid 1.0869 | V_Pred Dist: C0 0.590 - C1 0.410 - C2 0.000\n",
      "E: 98 | Train: 1.0716 | Valid 1.0512 | V_Pred Dist: C0 0.352 - C1 0.156 - C2 0.492\n",
      "E: 99 | Train: 1.0666 | Valid 1.0700 | V_Pred Dist: C0 0.451 - C1 0.459 - C2 0.090\n",
      "E: 100 | Train: 1.0580 | Valid 1.0543 | V_Pred Dist: C0 0.000 - C1 0.303 - C2 0.697\n",
      "E: 101 | Train: 1.0680 | Valid 1.0846 | V_Pred Dist: C0 0.361 - C1 0.500 - C2 0.139\n",
      "E: 102 | Train: 1.0654 | Valid 1.0648 | V_Pred Dist: C0 0.705 - C1 0.295 - C2 0.000\n",
      "E: 103 | Train: 1.0545 | Valid 1.0554 | V_Pred Dist: C0 0.295 - C1 0.082 - C2 0.623\n",
      "E: 104 | Train: 1.0697 | Valid 1.0505 | V_Pred Dist: C0 0.426 - C1 0.221 - C2 0.352\n",
      "E: 105 | Train: 1.0614 | Valid 1.0913 | V_Pred Dist: C0 0.549 - C1 0.033 - C2 0.418\n",
      "E: 106 | Train: 1.0672 | Valid 1.0528 | V_Pred Dist: C0 0.410 - C1 0.352 - C2 0.238\n",
      "E: 107 | Train: 1.0725 | Valid 1.0600 | V_Pred Dist: C0 0.426 - C1 0.402 - C2 0.172\n",
      "E: 108 | Train: 1.0706 | Valid 1.0941 | V_Pred Dist: C0 0.434 - C1 0.492 - C2 0.074\n",
      "E: 109 | Train: 1.0709 | Valid 1.0650 | V_Pred Dist: C0 0.779 - C1 0.197 - C2 0.025\n",
      "E: 110 | Train: 1.0618 | Valid 1.0524 | V_Pred Dist: C0 0.328 - C1 0.172 - C2 0.500\n",
      "E: 111 | Train: 1.0629 | Valid 1.0698 | V_Pred Dist: C0 0.811 - C1 0.123 - C2 0.066\n",
      "E: 112 | Train: 1.0599 | Valid 1.0513 | V_Pred Dist: C0 0.008 - C1 0.074 - C2 0.918\n",
      "E: 113 | Train: 1.0569 | Valid 1.0826 | V_Pred Dist: C0 0.582 - C1 0.410 - C2 0.008\n",
      "E: 114 | Train: 1.0718 | Valid 1.0670 | V_Pred Dist: C0 0.648 - C1 0.082 - C2 0.270\n",
      "E: 115 | Train: 1.0770 | Valid 1.0676 | V_Pred Dist: C0 0.762 - C1 0.164 - C2 0.074\n",
      "E: 116 | Train: 1.0754 | Valid 1.0628 | V_Pred Dist: C0 0.328 - C1 0.451 - C2 0.221\n",
      "E: 117 | Train: 1.0718 | Valid 1.0472 | V_Pred Dist: C0 0.639 - C1 0.238 - C2 0.123\n",
      "E: 118 | Train: 1.0663 | Valid 1.0492 | V_Pred Dist: C0 0.377 - C1 0.344 - C2 0.279\n",
      "E: 119 | Train: 1.0641 | Valid 1.0841 | V_Pred Dist: C0 0.426 - C1 0.033 - C2 0.541\n",
      "E: 120 | Train: 1.0894 | Valid 1.0493 | V_Pred Dist: C0 0.402 - C1 0.115 - C2 0.484\n",
      "E: 121 | Train: 1.0890 | Valid 1.0832 | V_Pred Dist: C0 0.328 - C1 0.475 - C2 0.197\n",
      "E: 122 | Train: 1.0614 | Valid 1.0846 | V_Pred Dist: C0 0.541 - C1 0.434 - C2 0.025\n",
      "E: 123 | Train: 1.0754 | Valid 1.0555 | V_Pred Dist: C0 0.410 - C1 0.172 - C2 0.418\n",
      "E: 124 | Train: 1.0676 | Valid 1.0667 | V_Pred Dist: C0 0.115 - C1 0.336 - C2 0.549\n",
      "E: 125 | Train: 1.0681 | Valid 1.0627 | V_Pred Dist: C0 0.672 - C1 0.246 - C2 0.082\n",
      "E: 126 | Train: 1.0599 | Valid 1.0735 | V_Pred Dist: C0 0.779 - C1 0.131 - C2 0.090\n",
      "E: 127 | Train: 1.0617 | Valid 1.0745 | V_Pred Dist: C0 0.680 - C1 0.057 - C2 0.262\n",
      "E: 128 | Train: 1.0570 | Valid 1.0580 | V_Pred Dist: C0 0.279 - C1 0.082 - C2 0.639\n",
      "E: 129 | Train: 1.0596 | Valid 1.0529 | V_Pred Dist: C0 0.230 - C1 0.090 - C2 0.680\n",
      "E: 130 | Train: 1.0669 | Valid 1.0632 | V_Pred Dist: C0 0.385 - C1 0.402 - C2 0.213\n",
      "E: 131 | Train: 1.0630 | Valid 1.0487 | V_Pred Dist: C0 0.328 - C1 0.205 - C2 0.467\n",
      "E: 132 | Train: 1.0697 | Valid 1.0660 | V_Pred Dist: C0 0.369 - C1 0.393 - C2 0.238\n",
      "E: 133 | Train: 1.0590 | Valid 1.0610 | V_Pred Dist: C0 0.402 - C1 0.074 - C2 0.525\n",
      "E: 134 | Train: 1.0762 | Valid 1.0562 | V_Pred Dist: C0 0.410 - C1 0.287 - C2 0.303\n",
      "E: 135 | Train: 1.0510 | Valid 1.0546 | V_Pred Dist: C0 0.418 - C1 0.213 - C2 0.369\n",
      "E: 136 | Train: 1.0606 | Valid 1.0739 | V_Pred Dist: C0 0.631 - C1 0.066 - C2 0.303\n",
      "E: 137 | Train: 1.0546 | Valid 1.0582 | V_Pred Dist: C0 0.361 - C1 0.344 - C2 0.295\n",
      "E: 138 | Train: 1.0559 | Valid 1.0674 | V_Pred Dist: C0 0.672 - C1 0.074 - C2 0.254\n",
      "E: 139 | Train: 1.0604 | Valid 1.0767 | V_Pred Dist: C0 0.516 - C1 0.434 - C2 0.049\n",
      "E: 140 | Train: 1.0578 | Valid 1.0699 | V_Pred Dist: C0 0.270 - C1 0.418 - C2 0.311\n",
      "E: 141 | Train: 1.0581 | Valid 1.0568 | V_Pred Dist: C0 0.557 - C1 0.230 - C2 0.213\n",
      "E: 142 | Train: 1.0602 | Valid 1.0523 | V_Pred Dist: C0 0.484 - C1 0.262 - C2 0.254\n",
      "E: 143 | Train: 1.0567 | Valid 1.0748 | V_Pred Dist: C0 0.762 - C1 0.238 - C2 0.000\n",
      "E: 144 | Train: 1.0586 | Valid 1.0588 | V_Pred Dist: C0 0.631 - C1 0.352 - C2 0.016\n",
      "E: 145 | Train: 1.0562 | Valid 1.0733 | V_Pred Dist: C0 0.770 - C1 0.180 - C2 0.049\n",
      "E: 146 | Train: 1.0508 | Valid 1.0856 | V_Pred Dist: C0 0.680 - C1 0.320 - C2 0.000\n",
      "E: 147 | Train: 1.0589 | Valid 1.0669 | V_Pred Dist: C0 0.582 - C1 0.156 - C2 0.262\n",
      "E: 148 | Train: 1.0653 | Valid 1.0642 | V_Pred Dist: C0 0.582 - C1 0.303 - C2 0.115\n",
      "E: 149 | Train: 1.0540 | Valid 1.0665 | V_Pred Dist: C0 0.508 - C1 0.246 - C2 0.246\n",
      "E: 150 | Train: 1.0620 | Valid 1.0536 | V_Pred Dist: C0 0.566 - C1 0.221 - C2 0.213\n",
      "E: 151 | Train: 1.0581 | Valid 1.0750 | V_Pred Dist: C0 0.738 - C1 0.230 - C2 0.033\n",
      "E: 152 | Train: 1.0540 | Valid 1.0762 | V_Pred Dist: C0 0.303 - C1 0.049 - C2 0.648\n",
      "E: 153 | Train: 1.0572 | Valid 1.0790 | V_Pred Dist: C0 0.533 - C1 0.410 - C2 0.057\n",
      "E: 154 | Train: 1.0778 | Valid 1.0998 | V_Pred Dist: C0 0.049 - C1 0.484 - C2 0.467\n",
      "E: 155 | Train: 1.0528 | Valid 1.0858 | V_Pred Dist: C0 0.811 - C1 0.172 - C2 0.016\n",
      "E: 156 | Train: 1.0623 | Valid 1.0861 | V_Pred Dist: C0 0.770 - C1 0.115 - C2 0.115\n",
      "E: 157 | Train: 1.0576 | Valid 1.0745 | V_Pred Dist: C0 0.566 - C1 0.393 - C2 0.041\n",
      "E: 158 | Train: 1.0607 | Valid 1.0853 | V_Pred Dist: C0 0.582 - C1 0.418 - C2 0.000\n",
      "E: 159 | Train: 1.0526 | Valid 1.0969 | V_Pred Dist: C0 0.828 - C1 0.164 - C2 0.008\n",
      "E: 160 | Train: 1.0476 | Valid 1.0720 | V_Pred Dist: C0 0.607 - C1 0.369 - C2 0.025\n",
      "E: 161 | Train: 1.0539 | Valid 1.0820 | V_Pred Dist: C0 0.738 - C1 0.230 - C2 0.033\n",
      "E: 162 | Train: 1.0520 | Valid 1.0888 | V_Pred Dist: C0 0.738 - C1 0.107 - C2 0.156\n",
      "E: 163 | Train: 1.0705 | Valid 1.1360 | V_Pred Dist: C0 0.918 - C1 0.082 - C2 0.000\n",
      "E: 164 | Train: 1.0590 | Valid 1.0747 | V_Pred Dist: C0 0.443 - C1 0.090 - C2 0.467\n",
      "E: 165 | Train: 1.0596 | Valid 1.1289 | V_Pred Dist: C0 0.926 - C1 0.074 - C2 0.000\n",
      "E: 166 | Train: 1.0487 | Valid 1.0818 | V_Pred Dist: C0 0.656 - C1 0.295 - C2 0.049\n",
      "E: 167 | Train: 1.0467 | Valid 1.0772 | V_Pred Dist: C0 0.434 - C1 0.098 - C2 0.467\n",
      "E: 168 | Train: 1.0589 | Valid 1.1159 | V_Pred Dist: C0 0.770 - C1 0.230 - C2 0.000\n",
      "E: 169 | Train: 1.0560 | Valid 1.0935 | V_Pred Dist: C0 0.787 - C1 0.205 - C2 0.008\n",
      "E: 170 | Train: 1.0575 | Valid 1.0898 | V_Pred Dist: C0 0.328 - C1 0.451 - C2 0.221\n",
      "E: 171 | Train: 1.0620 | Valid 1.0880 | V_Pred Dist: C0 0.746 - C1 0.049 - C2 0.205\n",
      "E: 172 | Train: 1.0873 | Valid 1.0758 | V_Pred Dist: C0 0.418 - C1 0.066 - C2 0.516\n",
      "E: 173 | Train: 1.0531 | Valid 1.0825 | V_Pred Dist: C0 0.451 - C1 0.033 - C2 0.516\n",
      "E: 174 | Train: 1.0641 | Valid 1.0983 | V_Pred Dist: C0 0.861 - C1 0.115 - C2 0.025\n",
      "E: 175 | Train: 1.0596 | Valid 1.0968 | V_Pred Dist: C0 0.803 - C1 0.164 - C2 0.033\n",
      "E: 176 | Train: 1.0493 | Valid 1.0840 | V_Pred Dist: C0 0.607 - C1 0.303 - C2 0.090\n",
      "E: 177 | Train: 1.0473 | Valid 1.1449 | V_Pred Dist: C0 0.951 - C1 0.049 - C2 0.000\n",
      "E: 178 | Train: 1.0554 | Valid 1.0862 | V_Pred Dist: C0 0.689 - C1 0.295 - C2 0.016\n",
      "E: 179 | Train: 1.0490 | Valid 1.0846 | V_Pred Dist: C0 0.721 - C1 0.107 - C2 0.172\n",
      "E: 180 | Train: 1.0538 | Valid 1.0909 | V_Pred Dist: C0 0.680 - C1 0.246 - C2 0.074\n",
      "E: 181 | Train: 1.0576 | Valid 1.0655 | V_Pred Dist: C0 0.434 - C1 0.279 - C2 0.287\n",
      "E: 182 | Train: 1.0650 | Valid 1.1112 | V_Pred Dist: C0 0.779 - C1 0.221 - C2 0.000\n",
      "E: 183 | Train: 1.0495 | Valid 1.0827 | V_Pred Dist: C0 0.533 - C1 0.098 - C2 0.369\n",
      "E: 184 | Train: 1.0508 | Valid 1.0900 | V_Pred Dist: C0 0.705 - C1 0.082 - C2 0.213\n",
      "E: 185 | Train: 1.0543 | Valid 1.1079 | V_Pred Dist: C0 0.869 - C1 0.057 - C2 0.074\n",
      "E: 186 | Train: 1.0533 | Valid 1.1208 | V_Pred Dist: C0 0.631 - C1 0.369 - C2 0.000\n",
      "E: 187 | Train: 1.0436 | Valid 1.0792 | V_Pred Dist: C0 0.639 - C1 0.246 - C2 0.115\n",
      "E: 188 | Train: 1.0579 | Valid 1.0768 | V_Pred Dist: C0 0.607 - C1 0.270 - C2 0.123\n",
      "E: 189 | Train: 1.0530 | Valid 1.1024 | V_Pred Dist: C0 0.623 - C1 0.369 - C2 0.008\n",
      "E: 190 | Train: 1.0748 | Valid 1.0647 | V_Pred Dist: C0 0.525 - C1 0.279 - C2 0.197\n",
      "E: 191 | Train: 1.0562 | Valid 1.1081 | V_Pred Dist: C0 0.770 - C1 0.230 - C2 0.000\n",
      "E: 192 | Train: 1.0737 | Valid 1.1042 | V_Pred Dist: C0 0.836 - C1 0.164 - C2 0.000\n",
      "E: 193 | Train: 1.0517 | Valid 1.0769 | V_Pred Dist: C0 0.623 - C1 0.230 - C2 0.148\n",
      "E: 194 | Train: 1.0483 | Valid 1.0975 | V_Pred Dist: C0 0.697 - C1 0.254 - C2 0.049\n",
      "E: 195 | Train: 1.0578 | Valid 1.1071 | V_Pred Dist: C0 0.787 - C1 0.066 - C2 0.148\n",
      "E: 196 | Train: 1.0569 | Valid 1.1262 | V_Pred Dist: C0 0.623 - C1 0.377 - C2 0.000\n",
      "E: 197 | Train: 1.0640 | Valid 1.0719 | V_Pred Dist: C0 0.607 - C1 0.164 - C2 0.230\n",
      "E: 198 | Train: 1.0671 | Valid 1.1514 | V_Pred Dist: C0 0.893 - C1 0.033 - C2 0.074\n",
      "E: 199 | Train: 1.0733 | Valid 1.1111 | V_Pred Dist: C0 0.918 - C1 0.074 - C2 0.008\n",
      "E: 200 | Train: 1.0522 | Valid 1.1118 | V_Pred Dist: C0 0.713 - C1 0.287 - C2 0.000\n"
     ]
    }
   ],
   "source": [
    "train_losses = np.zeros(EPOCHS)\n",
    "valid_losses = np.zeros(EPOCHS)\n",
    "writer = SummaryWriter(log_dir=f\"../data/tensorboard/testing\")\n",
    "\n",
    "#pb = tqdm(total=EPOCHS, desc=\"Epochs\")\n",
    "#pb.clear()\n",
    "#pb.reset()\n",
    "for epoch in range(EPOCHS):\n",
    "  train_loss, train_loss_avg = train(model, train_loader, optimizer, criterion, device, epoch, writer=None)\n",
    "  #scheduler.step(train_loss)\n",
    "  scheduler.step()\n",
    "\n",
    "  _, valid_loss_avg, _, _, v_pred_dist = evaluate(model, valid_loader, criterion, device=device)\n",
    "\n",
    "  train_losses[epoch] = train_loss_avg\n",
    "  valid_losses[epoch] = valid_loss_avg\n",
    "\n",
    "  writer.add_scalar('Loss/train', train_loss_avg, epoch)\n",
    "  writer.add_scalar('Loss/valid', valid_loss_avg, epoch)\n",
    "\n",
    "  pred_string = ' - '.join([f'C{ix} {x:.3f}' for ix, x in enumerate(v_pred_dist)])\n",
    "  #pb.set_description(\n",
    "  #  f'E: {epoch + 1} | Train: {train_loss_avg:.4f} | Valid {valid_loss_avg:.4f} | V_Pred Dist: {pred_string}'\n",
    "  #)\n",
    "  #pb.update(1)\n",
    "  print(f'E: {epoch + 1} | Train: {train_loss_avg:.4f} | Valid {valid_loss_avg:.4f} | V_Pred Dist: {pred_string}')\n",
    "  parms = model.parameters()\n",
    "  test = parms\n",
    "\n",
    "test_loss, test_loss_avg, test_acc, test_f1, test_pred_dist = evaluate(\n",
    "    model,\n",
    "    test_loader,\n",
    "    criterion,\n",
    "    device=device\n",
    ")"
   ]
  },
  {
   "cell_type": "code",
   "execution_count": 372,
   "metadata": {},
   "outputs": [
    {
     "name": "stdout",
     "output_type": "stream",
     "text": [
      "| Dataset  | 0: Sell | 1: Hold | 2: Buy |\n",
      "|----------|---------|---------|--------|\n",
      "| Test     |    0.94 |    0.03 |   0.02 |\n",
      "|----------|---------|---------|--------|\n",
      "0.4873798076923077\n"
     ]
    },
    {
     "data": {
